001
001
001
001
001
002
002
002
002
002
002
002
002
002
002
002
002
002
003
003
003
003
003
003
003
003
003
003
003
007
007
007
007
007
007
007
007
008
008
008
008
008
009
009
009
009
009
009
010
010
010
010
010
010
010
010
010
011
011
011
011
011
011
011
011
011
011
011
011
063
063
063
063
063
064
064
064
064
064
064
064
065
065
065
065
065
065
065
065
065
066
066
066
066
066
066
066
066
066
067
067
067
067
067
067
067
067
067
068
068
068
068
068
068
068
068
069
069
069
069
069
070
070
070
071
071
071
071
071
071
071
071
071
071
072
072
072
072
072
072
072
073
073
073
073
073
073
073
073
073
074
074
074
074
074
074
074
074
075
075
075
075
075
075
075
075
076
076
076
076
076
076
076
076
077
077
077
077
077
077
077
077
078
078
078
078
079
079
079
079
079
079
080
080
080
080
080
080
080
080
080
080
080
081
081
081
081
081
081
081
081
081
081
081
081
081
081
081
082
082
082
082
082
082
082
082
082
083
083
083
083
083
083
083
083
083
084
084
084
084
084
084
084
084
084
084
085
085
085
085
085
085
085
085
085
086
086
086
086
086
086
086
086
087
087
087
087
087
087
087
087
087
087
088
088
088
088
088
088
088
088
088
088
088
089
089
089
089
089
089
089
089
089
090
090
090
090
090
090
091
091
091
092
092
092
092
092
092
092
093
093
093
093
093
093
093
093
093
093
094
094
094
094
094
094
094
094
094
094
094
095
095
095
095
095
096
096
096
096
096
096
096
097
097
097
097
097
098
098
098
098
098
098
098
099
099
099
099
099
099
100
100
100
100
100
100
100
100
100
100
100
100
100
100
100
100
100
100
100
100
100
100
101
101
101
101
101
101
101
101
102
102
102
102
102
102
102
102
102
102
102
102
102
102
102
103
103
103
103
103
103
103
104
104
104
104
104
104
104
104
105
105
105
105
105
105
105
105
106
106
106
106
106
106
106
106
106
106
106
107
107
107
107
108
108
108
108
108
108
108
108
108
109
109
109
109
109
109
109
109
110
110
110
110
110
110
110
110
110
111
111
111
111
111
111
111
111
111
111
111
112
112
112
112
112
112
112
112
112
112
112
113
113
113
113
113
113
113
113
113
113
113
113
114
114
114
114
114
114
114
114
114
114
114
114
114
115
115
115
115
115
115
115
115
115
115
116
116
116
116
116
116
116
116
116
116
116
116
116
117
117
117
117
117
117
117
117
117
117
117
117
117
118
118
118
118
118
118
118
118
118
118
118
118
118
119
119
119
119
119
119
119
119
119
119
119
119
120
120
120
120
120
120
120
120
121
121
121
121
121
121
121
121
121
121
122
122
122
122
122
122
122
122
122
122
122
122
123
123
123
123
123
123
123
123
123
123
123
123
124
124
124
124
124
124
124
124
124
125
125
125
125
125
125
125
126
126
126
126
126
126
126
126
126
126
126
126
126
127
127
127
127
127
127
127
127
127
127
127
128
128
128
128
128
128
128
128
128
128
128
128
128
128
129
129
129
129
129
129
129
129
129
129
129
130
130
130
130
130
131
131
131
131
131
131
131
131
131
131
131
131
131
131
132
132
132
132
132
132
132
132
132
132
132
132
132
133
133
133
133
133
134
134
134
134
134
134
134
134
134
134
134
134
134
134
134
134
134
134
134
135
135
135
135
135
135
135
135
135
136
136
136
136
136
136
136
136
136
136
136
137
137
137
137
137
137
137
137
137
137
137
137
137
138
138
138
138
138
138
138
138
138
138
138
138
139
139
139
139
143
143
143
143
143
143
143
143
145
147
147
147
147
151
151
151
152
152
154
155
155
157
157
157
157
157
157
159
160
160
160
160
160
161
161
161
161
161
161
162
162
162
162
162
162
162
162
163
163
163
163
163
164
164
164
164
164
165
165
165
166
166
168
168
168
168
168
168
169
169
170
171
171
171
171
172
172
174
174
174
174
174
176
176
176
176
176
177
177
177
177
179
181
181
181
181
181
183
185
185
186
186
186
186
186
190
190
196
199
201
207
207
207
210
210
210
210
235
235
235
235
235
235
235
235
235
236
236
236
236
236
236
237
237
237
238
238
238
238
238
238
238
238
239
239
239
239
239
239
239
240
240
240
240
240
240
240
240
240
240
246
246
246
246
246
246
246
246
246
246
277
277
277
277
277
277
277
277
278
278
278
278
278
278
278
278
278
278
278
278
279
279
279
279
279
279
279
280
280
280
280
280
280
280
280
280
280
280
280
281
281
281
281
281
281
282
282
282
282
282
282
282
282

