1
4
5
6
8
9
11
12
14
17
20
22
27
29
31
33
35
36
37
38
44
45
48
52
56
57
58
60
65
71
74
75
78
80
81
91
92
95
96
98
102
104
107
108
109
112
113
114
115
120
122
126
128
132
133
136
137
142
143
144
146
150
151
152
156
157
158
162
163
171
175
184
185
186
187
188
191
192
194
196
197
198
203
204
206
209
210
212
214
224
227
229
230
233
236
242
243
244
245
246
248
249
250
257
265
272
276
277
279
280
281
282
284
285
286
287
288
289
290
291
292
295
296
297
305
309
322
328
334
339
343
360
366
369
370
372
375
381
391
393
399
401
402
403
404
406
408
409
410
411
412
413
414
415
416
417
418
419
424
426
428
429
430
431
432
434
435
436
437
438
439
440
442
443
444
445
446
450
451
452
454
456
459
460
461
462
464
465
466
468
469
470
471
472
474
477
478
479
480
481
482
484
485
486
488
490
492
493
494
498
500




